step=6000
valid_loss=1.913190603
lr=0.000040021632
grad_norm=11.060944557
