step=19000
valid_loss=1.837999050
lr=0.000104519322
grad_norm=12.092795372
