step=10000
valid_loss=1.754119604
lr=0.000100000000
grad_norm=10.942950249
