step=6000
valid_loss=1.937774992
lr=0.000040021632
grad_norm=10.681790352
