step=6000
valid_loss=1.976936372
lr=0.000040021632
grad_norm=10.342646599
