step=5000
valid_loss=2.383108842
lr=0.000100000000
grad_norm=7.611634731
