step=6000
valid_loss=2.097249777
lr=0.000040021632
grad_norm=15.238775253
